01046500
01089500
01096000
01100627
01103455
01117468
01493500
01553700
01629500
01632082
01633000
01650800
01660400
01669000
01671100
02070000
02075045
02296260
02304510
02365769
02373000
02390000
02399200
03048500
03069500
03069870
03140000
03144500
03155000
03201405
03220000
03261500
03578000
03584600
04188337
04191500
05046000
05320000
05496000
05502300
05506800
05507600
06020600
06204050
06430500
06430770
06600100
06772898
06800000
06867000
06874000
06889200
06890100
06903400
06903700
07024000
07050700
07062500
07065495
07141770
07167500
07232900
07295500
07326500
07360200
07363000
08028000
08030500
08036500
08055000
08116400
08148500
08158600
08183200
08291000
08317400
08382500
09354500
09364500
09423350
10194200
10310500
10321000
11048553
11162620
11466320
12377150
12456500
14113200
14201300
