01059000
01069500
01075000
01082000
01105880
01110000
01117468
01118300
01123000
01129200
01144000
01157000
01170500
01183500
01189000
01195490
01196620
01382500
01555000
01585500
01589197
01589300
01613050
01614500
01617000
01618000
01638350
01638500
01653600
01656000
01656903
01660400
01661050
01671100
01673000
02011800
02017500
02018500
02027500
02028500
02035000
02038850
02040000
02042500
02044500
02062500
02070500
02074500
02075045
0209553650
02104220
02163001
02218565
02232000
02298880
02303420
02304510
02324500
02342500
02343940
02371500
02372250
02374500
02400100
02419890
02425000
02450180
02455980
02461500
02479945
03032500
03044000
03048500
03057000
03095500
03117000
03145483
03155000
03157000
03165000
03167000
03168000
03175500
03179000
03187500
03201980
03221000
03228500
03228750
03229796
03230800
03234300
03261500
03261950
03262000
03288100
03297800
03297900
03466208
03539800
03574500
03575100
03578000
03596000
04188337
04191500
04192500
04285500
04296500
05124480
05338500
05387500
05455500
05481000
05485500
05486000
05487470
05488500
05502300
05503800
05507800
06062500
06071300
06186500
06195600
06392900
06400000
06430500
06430770
06431500
06436190
06449500
06600000
06600500
06803500
06803520
06814000
06815000
06820500
06836500
06847500
06853800
06862850
06866500
06870200
06874000
06881000
06882000
06887000
06890100
06897000
06897500
06903700
06904010
06906200
06908000
06911000
06915800
06916600
06919020
06935755
06935955
07001985
07010090
07010094
07021000
07030050
07050690
07052250
07055646
07065200
07065495
07068000
07145500
07170500
07170990
07185090
07187000
07230000
07230500
07233500
07239700
07241800
07242380
07258500
07263012
07281960
07297910
07299540
07305000
07307800
07325800
07328100
07328180
07359001
07367005
07372050
07377500
08013500
08014800
08017200
08017300
08023400
08047000
08047050
08050100
08050840
08064100
08066170
08082700
08083230
08091750
08099500
08104500
08123800
08136000
08146000
08148500
08151500
08158380
08158600
08158970
08160800
08181400
08189700
08206600
08210000
08275500
08289000
08317950
08329928
08332010
08382600
08398500
08408500
08447020
09024000
09074000
09177000
09196500
09346400
09408195
09415460
10105900
10172952
10205030
10242000
103087891
10321940
10329500
11045300
11048553
11077500
11140000
11203580
11204100
11451715
12076800
12175500
12210700
12344000
12456500
13018350
14020000
14138850
14142500
14200000
14201340
14203500
