01046500
01068910
01069700
01073785
01076500
01078000
01085500
01092000
01096500
01100000
01100561
01100627
01108410
01111500
01115630
01117370
01123000
01125000
01127500
01144000
01154500
01155500
01158000
01161000
01166500
01170500
01184000
01184100
01186500
01187300
01192883
01195490
01196620
01197000
01203805
01331500
01333000
01396190
01486500
01555500
01566000
01581757
01581920
01589000
01589300
01589440
01601000
01603000
01607500
01613050
01614500
01618000
01619000
01625000
01626850
01631000
01637500
01639500
01643395
01643500
01644280
01644371
01644600
01645000
01646500
01649500
01651800
01652500
01653000
01653600
01654000
01656000
01658000
01660400
01661500
01664000
01668000
01669520
01673000
01673638
01674500
02011490
02014000
02015700
02017500
02019500
02022500
02024000
02027000
02031000
02038850
02047000
02049500
02052000
02060500
02069000
02069700
02075500
02104220
0214657975
02153200
02157470
02163001
02191300
02201230
02203655
02203700
02207448
02244440
02245500
02246000
02274005
02296500
02297100
02298880
02303330
02334578
02343801
02365470
02365769
02371500
02374950
02392950
02400680
02405500
02407514
02411930
02412000
02414500
02414715
02419890
02423397
02423400
02423425
02438000
02450180
02450250
02450825
02456500
02465493
02466030
02467500
02471001
02479560
03015500
03026500
03028000
03032500
03034500
03036000
03041029
03042500
03045000
03048500
03050000
03058500
03062500
03067510
03072000
03075905
03090500
03094000
03098600
03099500
03106500
03108000
03110000
03110830
03115973
03118000
03118500
03144500
03149500
03161000
03165000
03168000
03175500
03177710
03179000
03183500
03190400
03197000
03206600
03207800
03208950
03212980
03214500
03225500
03226800
03228300
03228750
03229500
03234000
03241500
03244936
03247500
03259000
03261500
03265000
03267900
03274000
03491544
03510577
03518500
03539778
03565500
03576250
03578500
03584600
03596000
03602500
03606500
04024000
04082400
04189000
04206212
04206220
04213000
04282000
05046000
05211000
05247500
05338500
05355200
05385000
05387500
05408000
05457000
05463500
05479000
05482300
05484500
05484800
05485640
05486490
05487470
05488110
05488500
05496000
05500000
06052500
06071300
06186500
06204050
06224000
06278300
06285100
06289820
06307500
06392900
06392950
06402000
06402430
06402600
06406000
06408700
06430500
06430770
06430900
06433000
06436000
06600500
06606600
06670500
06701900
06709000
06710605
06721000
06751150
06762500
06769525
06772898
06784000
06794000
06800000
06803080
06803495
06803510
06803520
06803530
06804900
06810000
06811500
06815000
06837000
06853800
06863500
06867000
06870200
06870300
06871000
06872500
06873000
06874000
06876700
06882000
06890100
06893620
06895000
06896000
06899500
06899700
06902000
06903900
06904050
06905500
06906200
06909500
06912500
06915800
06917000
06917240
06917500
06918060
06918070
06918440
06919020
06921070
06921350
06928300
06930000
06932000
07001985
07005000
07010055
07010090
07010350
07013000
07015720
07016500
07018100
07019000
07019220
07025400
07027720
07029500
07030392
07035800
07036100
07037300
07048550
07050690
07052000
07052120
07052152
07052250
07054080
07056000
07064440
07065200
07065495
07066000
07067000
07068000
07141200
07141780
07143672
07144100
07144200
07145200
07147800
07153000
07166500
07172000
07185090
07188653
07191222
07211000
07216500
07230500
07237500
07239300
07241800
07242380
07249800
07258500
07263012
07281600
07287150
07297910
07299540
07300000
07303400
07307800
07311900
07312100
07312200
07315700
07325800
07325860
07326500
07328180
07328500
07332390
07332620
07343450
07360200
07372050
07375960
07376000
07378000
08010000
08013500
08017410
08019000
08023080
08028000
08033000
08033500
08034500
08041000
08042800
08044800
08047000
08050840
08052780
08053500
08062000
08062500
08062800
08065800
08066200
08066250
08068000
08068390
08068400
08068500
08070500
08078000
08082500
08085500
08092000
08101000
08103900
08104500
08105095
08116400
08117500
08134250
08136500
08144600
08146000
08150700
08158030
08158035
08159000
08160800
08177500
08181400
08181480
08188500
08188800
08200720
08204005
08205500
08206600
08206700
08207500
08275500
08276300
08279000
08317200
08317950
08353000
08378500
08380500
08382500
08382600
08382650
08387600
08390800
08396500
08397620
08401900
08406000
09047700
09073400
09074000
09081000
09177000
09258980
09364010
09371000
09371010
09372000
09386900
09415460
09430600
10105900
10156000
10172952
10189000
10194200
10237000
10244950
10291500
10293048
10296000
10310000
10321940
10336580
11046530
11070365
11078000
11113000
11162620
11169025
11173575
11203580
11264500
11447360
11451715
11466320
11522500
11525630
12097500
12175500
12323670
12344000
12353000
12358500
12409000
12413125
13018350
13183000
13217500
13233300
13265500
13307000
13329770
14018500
14020000
14113000
14194150
14219000
14231000
14243000
14354200
